query_id,z0,z1,z2,z3,z4,z5,z6,z7,z8,z9,z10,z11,z12,z13,z14,z15
humaneval:test:8,0.8486842629116668,0.0004612860467907621,0.03246613426420659,0.0031523537959719343,0.07350562929199907,0.0019235869882660319,0.0008668983947143926,0.0006100191426278602,0.00014539314470715978,0.0037136958473024564,0.026858189594248842,0.001703454705958829,0.0012200741042101843,0.0010039291350119992,0.0020854922637105044,0.0015996003686067867
humaneval:test:19,0.002075190232136602,0.0102319752505766,0.025113333879897417,0.038496723144787685,0.22914022858772606,0.0005224877565940789,0.001282203624037247,0.004282014052420203,0.00011868031106945654,0.023308983501920393,0.12939387154711945,0.491495421173913,0.0009098543357051348,0.0401797666066591,0.0015154979126610784,0.001933768082776671
humaneval:test:21,0.8527256166221945,0.0013396875388065152,0.010526980358426632,0.0007275228383911302,0.000139372424690727,0.0014104132494670233,0.00027505477805350324,0.0006206858350420747,0.013526935853820437,0.004738286837721869,0.10910012350346596,3.504959999024041e-05,0.0022618094331133065,0.001979898884920433,2.0258353489749497e-05,0.0005723038884060073
humaneval:test:33,0.8535222105326289,0.00016852664843187753,0.003086518464321569,3.851228233303008e-05,0.000967968277589506,3.659160522046655e-06,4.9043225985069854e-05,0.010480073422060986,2.1474257428792248e-07,0.1220595150920183,0.005158936487774672,0.002414116038026051,0.0005556919052875979,0.0003850510819286366,0.0009056708795137632,0.00020429175900371548
humaneval:test:34,0.6112300377846923,0.001725094431574909,0.004361305374461216,0.0005843419921254284,0.0007713418344413006,0.0001107766639799851,0.0003729470985891663,0.0003866064761197654,0.0007295943322077337,0.3632186240772319,0.004519313530382036,9.50973745758662e-05,0.0005447752629995616,0.00074874233185213,0.010256976599703952,0.00034442483506281834
humaneval:test:39,0.30607325729178536,0.0006370192936958851,0.004148635603310817,0.000193593895557885,0.002812670147824997,0.0008284086990256495,0.14994132343318414,0.0003814076609549871,0.01643713597063836,0.2174381157041323,0.2809779672791487,3.7452451706995525e-05,0.0010433221814252459,0.00037285129799338176,0.00022430074845969757,0.018452538341155764
humaneval:test:43,0.0725747771213748,0.002308784519378505,0.035995172263490374,0.0006439151526428189,0.0028763381489250923,0.0031417747821123475,0.002072048790861547,0.012864344225276424,0.17762975816289062,0.2292292027907837,0.4145098045640433,0.012579574136690723,0.004198907581475984,0.01233959296983351,0.008099321676555226,0.008936683113664927
humaneval:test:51,0.9982673314340487,1.3746384592871662e-06,3.6541927006552285e-05,1.153182158233894e-06,1.7038196161912873e-05,1.4531653049622551e-05,0.0015427989785129945,7.41682612931941e-07,7.337265858369665e-08,4.535999628949406e-06,7.897405887374174e-05,5.84201885768357e-10,2.0216573760040675e-06,9.643415015502654e-06,1.9327375721657373e-07,2.3045946477992332e-05
humaneval:test:53,0.9991289230748951,4.414440105437134e-06,7.397559895033151e-06,8.420300047000858e-06,2.2851005798989523e-06,3.6933740286901462e-06,2.9846032669681777e-06,2.9536576262687873e-06,1.0849938160475607e-06,3.535065512186067e-06,3.6590294587026722e-06,0.00031290123877567233,6.509792115112196e-06,3.603902708911058e-06,0.00048652607750541494,2.1107789663553615e-05
humaneval:test:54,0.0002440003355588555,0.0001282077774125166,2.6423612625638266e-05,1.0879710255519553e-05,0.0008084458116225197,7.873360802797861e-05,0.0015430344578042346,3.884567169837725e-05,8.698983614114422e-06,2.06073635682049e-05,1.9851606798338987e-06,0.9961593177137891,2.55053871902788e-05,0.0001643674664645065,0.0006893977485526578,5.1549191135591076e-05
humaneval:test:61,3.2177336970136048e-09,6.020735318366148e-11,2.1979737488809405e-11,2.043290641131738e-12,3.8687669609052765e-10,1.4541008450434636e-11,9.099476628883709e-12,7.543329429132259e-11,3.413457054389705e-12,0.9999999960770682,1.918622617480379e-16,1.368194855965827e-13,2.855791414203064e-11,5.250784375515615e-12,6.996202914732552e-11,2.7696028160409908e-11
humaneval:test:69,0.9996580261143128,1.3520781204101587e-06,1.3327606492999041e-06,8.810955864139037e-07,2.3439782543644974e-06,1.0069388737871614e-05,2.099608141681462e-06,6.405662076649224e-07,2.2137392017577382e-07,9.231343756818608e-09,0.0002782478271429515,4.411193197564845e-06,1.3270305521016616e-06,3.0755166468417345e-05,6.7877115133197405e-06,1.494875851222716e-06
humaneval:test:74,0.7569797503618569,0.00035967998447681844,0.00019902448903659774,0.00035028318183854743,0.0006435344365078751,1.2982998148342454e-05,0.0006482235118484566,0.00016010133013995707,2.042771503235994e-05,0.002857702968626374,0.037209351090945864,0.00021922563858194438,0.0012547413956883852,0.19848571475695365,0.00032882121923515783,0.00027043492108256667
humaneval:test:83,0.9987925478983873,9.28463477364042e-06,3.4906824180364534e-05,0.0001838504328366954,3.785564697854985e-06,5.040782405169172e-06,7.4508468814885805e-06,1.450803552826307e-05,4.4191939529440547e-07,1.955062121411612e-06,1.1764301181059791e-06,0.0002715163486190403,8.189276647711935e-06,4.370651470873621e-05,0.0005886622351772278,3.297719352184932e-05
humaneval:test:84,0.9989042294482523,4.976487771284767e-06,0.0007493703633826879,1.1041978987812381e-06,4.187161084640782e-06,1.9997107001844774e-06,1.254738036588992e-05,2.4559066189945413e-06,3.8943307824331864e-07,0.00022181946641800022,4.302709677333739e-08,4.500775190684439e-06,3.718807239608925e-06,2.091791524510821e-05,6.375463941931642e-05,3.985280237675333e-06
humaneval:test:85,0.9656996136658438,0.015219716443264988,0.00020136129963963504,4.263345119145063e-05,9.482192898879281e-05,0.003929332802037232,0.0005399769956335651,0.0009615316918933627,0.00039578200738854893,0.0006227192901779478,0.0005662412848411417,0.006250540914712611,0.0006156858036699723,0.0010385773970179827,0.0034058812166746083,0.00041558380702401567
humaneval:test:86,0.8910821637193596,0.0003220620420495173,0.0004600672890089148,7.733123441444532e-05,0.00013174220431349563,0.0003944858278532339,0.0024931482149020833,0.00038459658355306396,0.0029451983395260106,0.00018630248716255892,0.00021120441355687008,0.09166883097830353,0.0003031890378645799,0.0011505232540306846,0.007813720863811663,0.00037543351028995634
humaneval:test:102,0.0005710448937227474,6.0316156067795855e-06,1.3802929362387099e-05,1.9423451981702347e-05,4.497943250953487e-05,2.7970647085841323e-06,0.0004024292637024772,4.008519791406874e-06,1.2686776686576575e-06,2.9331190607328963e-08,0.9983748274887858,0.0004977029574261038,9.08228747810931e-06,3.3916894540257784e-05,1.1211770408480896e-05,7.4434211163290584e-06
humaneval:test:105,0.9249552048995511,7.355084680545873e-05,6.011510127747036e-05,2.0081074455807797e-06,5.571689907466924e-06,0.00031510363855709106,0.0002472570693839652,4.91081298881799e-05,0.0016992654671452306,0.00145867919068345,0.06974566759625653,3.4871369101885045e-06,4.6878371841735036e-05,2.6878884880548276e-05,3.246500008990268e-05,0.0012787588693761042
humaneval:test:119,0.2879687209646168,0.0008676432439583003,0.00046961630777205975,0.0003727551001782673,0.002758512464968045,0.0016546038350749928,0.0019278427871772096,0.0021486413405024333,2.9579047069040237e-05,0.0016783516116515745,0.6506852858736105,0.004933540848547828,0.0006162750875517299,0.004970586383063046,0.03816204057355951,0.0007560045306987967
humaneval:test:136,0.9373007772831599,0.00023825151451219447,0.006945938649173511,0.0007355926141098269,0.00025924242146568296,0.00197316208418972,0.0008109261813332758,0.00011955896821407262,0.010250883196992638,2.1205754624657224e-05,0.03203820148588074,0.007769357271731273,0.00016247111651858647,0.0006759491326344664,0.0004125174162982983,0.00028596490916132683
humaneval:test:145,0.9970891166279732,5.711875088378557e-05,6.17946759849059e-05,1.9203648916307288e-05,0.00034657539028252137,0.00012167390174142152,0.00013988901269442814,0.0002256207731074882,3.066838934264315e-06,0.00010498459296109221,0.0002382970565101273,1.3641300260553099e-05,1.815486189647554e-05,0.00034319698293060815,0.00117853864246431,3.912694245854082e-05
humaneval:test:151,0.9948472722054955,1.8861880323113205e-05,5.559568717724389e-05,4.897417221128226e-06,7.196569195654478e-06,5.3392728384568975e-05,7.140087472264989e-06,9.401534700344846e-06,7.886190205714842e-07,2.2680144946715197e-09,0.00018882896805216335,0.004758978353063173,7.035318898586718e-06,2.1076969710847404e-05,5.8687214818292085e-06,1.3662671788746428e-05
humaneval:test:153,0.0004956949467072911,0.00011605852458607656,0.00019292378941656576,0.005481225561421852,0.0007847399748338379,0.0018269682600940327,0.0003696533326254247,6.175219361793125e-05,9.278666721313634e-06,0.004810718731895581,0.9811059728131751,0.0012580619734265952,0.0008430704771502851,0.0002860255842034512,0.000149504384786306,0.002208350785338302
humaneval:test:156,0.9193078491250606,0.0002198717111699005,9.873255748230743e-05,1.3319156296010016e-05,0.00016436035420103534,0.0038870162794746635,0.003005166731332162,0.0005188162056961054,0.000561351613235221,0.06394848331796048,0.005081852228772501,0.0004389603580533544,0.0004732061272452017,0.0016021070350566034,0.00031906372479726666,0.000359843474166696
humaneval:test:159,0.0004556158182893068,3.494033917671829e-05,6.903092742740558e-05,5.574103647631973e-05,7.012334999684427e-05,0.0003041260918918146,2.7760467591510615e-05,0.0001021234987036966,0.0001550390980588051,5.31391287974908e-07,0.9981338739485633,0.00018328335728930498,5.930360924454225e-05,0.00014813085141342032,7.22887653064052e-05,0.00012808744928257803
humaneval:test:162,0.32658434032066247,0.0009657025840390037,0.02729263159468687,0.0009325395456333404,0.0008768176501557784,0.0005418476988319883,0.0024909517782744097,0.0011651398760480795,9.630331295586371e-05,0.0013176510833261318,0.018936663181576434,0.5965939254067661,0.0006147416415916933,0.011670878559894193,0.006411958257746726,0.003507907507810797
mmlupro:test_1000:1,0.0038420264472834695,0.007007740794019188,0.004438753503272721,0.002566718707965494,0.0021071358370327027,0.011378329379144965,0.005716243563975215,0.001252983256358729,0.019778891715530236,0.0006135138488159647,0.14508653583605702,0.7592277337123573,0.005347134080648369,0.024940771380635652,0.004473527455262002,0.0022219604816408212
mmlupro:test_1000:8,4.899629227920372e-05,0.0001564956906587086,0.0004881555230232659,0.08128984725371498,0.0002966028937086518,0.4376507211080984,0.0012680481426879868,0.00045343643417080883,0.0005764548477253293,0.04311281066906265,0.412562604149747,0.01961765228552217,0.0012343700447592669,0.00037711161053597764,0.0003320826664419181,0.0005346103878638497
mmlupro:test_1000:10,1.0954513966743682e-05,2.124636915424305e-05,8.120801776134165e-05,7.178336835795314e-05,2.4694092463113654e-05,0.00015603877465059662,1.962014123745812e-05,1.0211728456234728e-05,5.284080197208594e-07,0.018924415569395215,0.9805990373188307,1.1050267698671868e-05,9.59677929949435e-06,4.804804027520836e-05,1.5912589176633614e-07,1.1407484541498414e-05
mmlupro:test_1000:18,8.039115141197812e-07,5.095942088900033e-06,1.1731362791465836e-05,5.754595629819291e-06,1.9114355217497313e-07,0.0001002158515603355,1.6775983784976995e-06,2.724712758446218e-05,0.0001541110128986972,1.2701045011147154e-06,0.9988799702181693,0.000776489007151593,1.9125677510017083e-05,1.2630493798793182e-05,8.552907760670442e-08,3.6004237929054238e-06
mmlupro:test_1000:27,0.00029088549598983704,2.2663272955129988e-05,0.0003457964835808347,0.0011765769155784307,8.272888491866419e-06,2.7677911200538996e-06,9.609244018800347e-06,6.7425831929098324e-06,1.6623200368031523e-05,4.509463081535524e-05,0.9841976632609437,0.013653298382755615,0.0002034748283522627,6.209619413596835e-06,2.069325117804783e-06,1.2252077305818233e-05
mmlupro:test_1000:34,3.221771550876932e-05,0.00035643773226881365,0.04521446968065845,0.0001999281930338798,0.00011016154815192141,4.139769401338891e-06,0.003407641763585722,7.995717545992935e-05,0.0010524757441773818,0.00011774666482051145,0.9482699486395534,0.0006947774845193692,0.00010264979695688425,0.00016583681978305225,1.2272670003171801e-05,0.00017933860211739446
mmlupro:test_1000:35,1.4348516283307908e-06,0.0018231934780996606,3.7418655905493803e-07,2.1200458302204215e-07,1.6141457218052438e-06,2.765769206077084e-07,4.907259463304061e-07,1.5307281650929178e-06,8.34203543581715e-07,3.5807241155740294e-07,0.9981673322414328,2.082964705212637e-08,9.864554466160978e-07,3.9535509274154283e-07,6.088576723937368e-07,3.372871293518489e-07
mmlupro:test_1000:37,7.823391988455802e-07,7.847096434665184e-07,2.5002636257642386e-05,1.0029493120088356e-05,1.5151562061843858e-06,1.4964310482847421e-06,3.5041823746144893e-07,1.8508826979207487e-07,2.5070030896473576e-09,5.777552360751365e-07,1.1963850597536203e-05,0.9999419583681904,2.424801413695459e-06,1.4268195771945645e-07,2.4344965868372487e-06,3.492670328971886e-07
mmlupro:test_1000:46,0.08310597042746953,9.406536006830635e-05,0.00025077726968536165,0.0016761502186042403,0.0009746092792047315,0.00030378244487697705,0.00141194514070373,0.00016547609373951708,1.5170500654077376e-06,0.00084751576338575,0.8963033292252317,0.010349039648272086,9.573598687935983e-05,0.004258804133675675,3.410596638927215e-06,0.00015787136149882113
mmlupro:test_1000:57,0.00014972156466115343,0.0005173695789715369,0.0001391090913277718,0.0011676240549933867,0.0017727799109395416,0.000159188935035691,0.0001617548773155872,0.00025882588337114345,5.0932200171493895e-05,0.45017870272900967,0.05643773124194856,0.4612281789363107,0.0013814845267972123,0.00017931729430105398,0.025687302238483832,0.0005299769363616946
mmlupro:test_1000:60,7.747980907542774e-07,7.521028393826432e-05,1.3899304171697073e-05,6.808218781767624e-05,0.00016708648725115725,2.238417361801463e-06,5.07696042681873e-05,6.725310689135509e-05,3.6277814899254526e-05,0.0009457094498313308,0.997859619610969,0.00035724520290533876,7.974631777195752e-05,7.654568745798299e-05,0.00015702278890081521,4.251893747335826e-05
mmlupro:test_1000:63,0.022019309620325483,3.8849056144916814e-05,1.8902114387359295e-05,0.00017558762201039916,1.6976039434938057e-05,0.9608632024590467,0.00021076385217144473,4.6190974932417325e-05,1.3133895707207822e-05,1.013331416513653e-05,9.930404953365909e-05,0.014346894124788992,8.417351531303333e-05,0.001996385477942195,1.1427133366787353e-05,4.876675072950058e-05
mmlupro:test_1000:64,0.00221961238234082,0.00103898018915067,0.00029278957555807104,0.0008625977695686639,0.005730464163006899,0.00012516965961100734,0.003434732450420105,0.0008178226995622249,5.1100415323749075e-06,0.1676659175657264,0.18500032446438056,0.011514608145309234,0.6041581884354736,0.015185420182633773,1.334394172977384e-05,0.0019349183339957996
mmlupro:test_1000:67,0.15815431878742994,0.0002164501980298886,0.0038272988644857155,0.0027480800671229196,0.002583543781763224,0.011814327716336073,0.0004658365554299513,0.0005522207994598427,5.993379680890343e-06,0.0010646451902090852,0.8159886976978348,0.0002402190124876843,0.00023340575620134013,0.0015178712542921894,0.00020826747605485747,0.0003788234631817191
mmlupro:test_1000:72,1.3536435369405816e-05,1.6822624103886137e-05,2.3110760781615498e-05,7.461531555083319e-05,4.0737619243784444e-05,0.9962506396813089,1.8003812373615047e-05,1.3781283512457677e-05,4.199941484899227e-06,1.887555165449836e-05,0.0031991545328383625,4.9436407821590895e-05,5.716847736269972e-05,0.00018911928302643827,9.273907167488938e-06,2.1524366399380006e-05
mmlupro:test_1000:73,6.445023163253256e-08,3.1326449767612916e-06,0.00011963835944227046,6.223297690380605e-06,2.3788576441711916e-06,1.0953059149697552e-05,7.2046236002916145e-06,4.202688971221068e-06,7.085759596468888e-06,7.252666724064962e-05,5.4171716930542e-06,9.439851841883875e-05,1.986937048496309e-06,0.9996589732787934,2.3575229240299477e-06,3.456162578679495e-06
mmlupro:test_1000:78,5.527704589825553e-06,0.0013101850128057772,0.00021717475284267992,0.0002050381259237644,0.00016511139771242976,0.0004302435194098075,8.853901369397862e-05,7.829670407553036e-05,8.536796832128718e-05,1.712043315923367e-05,0.9968483725161575,0.00016602051443816813,0.00010697701450231717,0.00017130859326744538,4.2739683598994196e-05,6.197704550110385e-05
mmlupro:test_1000:81,0.0005632043107618643,0.018506298477863146,0.00034926937677672487,0.00022499373372518135,0.0002157422740975804,0.9184765590844824,0.00010437078346739165,0.00026549545096874426,4.652717120740026e-05,1.0621253139277918e-05,0.002400672282532739,0.05776291721971124,0.00011381595789039616,0.0008107759176196406,2.274418085067989e-06,0.00014646228767097093
mmlupro:test_1000:89,0.006224104031385095,0.001082377758022333,0.00012546553750491805,0.008991428213836973,0.001993151525233348,0.73195119895414,0.0008287072963774951,0.012003855100373313,0.0014771594740792364,4.404876000732851e-06,0.057854755215697655,0.16002914082319625,0.0013891259768907254,0.009495701633227908,0.0060230363207755665,0.0005263872632586245
mmlupro:test_1000:97,0.00330257044310906,0.0005930806307324518,3.420915755271848e-05,0.01811955153907601,0.04750837216880888,1.6978366013496945e-05,7.163828587145671e-05,0.000172288496846986,0.00023440829734582217,0.9294213734189036,2.4116086147086576e-05,3.516010983204939e-05,6.863875539550379e-05,0.0002044998935308877,3.465281321380685e-06,0.0001896490695126323
mmlupro:test_1000:106,3.0694799731369507e-07,8.363821586412528e-06,1.5483359701999365e-06,1.6930847284910468e-05,3.558989280377834e-06,1.990586386596901e-05,7.389054367179375e-06,1.4938008384373033e-06,3.750228602988019e-08,0.0023827029810702706,0.993660478929636,0.0005885654097534451,0.0032709388286857447,3.060898222460952e-05,2.0599548982655472e-07,6.963709663174832e-06
mmlupro:test_1000:115,9.512100828220456e-06,6.251741512415645e-06,3.023794053086806e-05,9.741044015136945e-06,7.548949828886711e-05,0.00014985538740454042,2.6569974337874714e-05,3.344810776296092e-05,4.770772516864503e-05,0.0001739694198664691,0.002370983323729642,0.9968456214940559,2.7210145693290354e-05,0.0001495462790639147,1.2280424031675145e-05,3.157539370961993e-05
mmlupro:test_1000:120,0.002091918053248641,0.0014062758694954377,2.399197740770755e-05,0.003322413555369829,0.00020858140727725822,0.4883527973719292,0.0006387274805686534,0.001118231377889254,7.793698779548214e-05,0.0014912635586502802,0.4940370161409463,0.0015334797912674553,0.0006445228226117846,0.0002870815782636847,0.004166094412307417,0.0005996676149716309
mmlupro:test_1000:121,0.00017776092459224896,0.0006257381415887336,0.00010409914049271728,0.0009398950343572341,0.022106736487743698,6.78985168649418e-05,0.0003858913077557626,0.0006277857486695539,0.12186043519537507,0.5756946551939773,0.2758188852522799,0.00030754765267747937,0.00014253408493882788,8.101570213146104e-05,1.0308438454011717e-08,0.0010591113081167781
mmlupro:test_1000:124,6.949778062122685e-06,0.00045647991480520655,9.779171601870708e-05,0.0001664776962469502,0.0006957532444399328,1.4207169414225766e-05,0.25602337913464285,0.0025780635769258277,8.348404994801517e-05,0.11563404174317576,0.007912727392323703,0.6136327267433548,0.0005892370193235682,0.0018311640768671048,3.6716507596746238e-06,0.0002738450936916491
mmlupro:test_1000:129,1.3460404428963424e-05,0.00015467083666847184,3.101233037273356e-05,0.0001043153230480372,0.0006639612436860291,0.00014809893884847348,0.00041432983849794627,8.933936351241358e-05,0.00017854718778655048,0.0012325275905318118,0.9954149612965606,3.7328387182049835e-05,4.333947618400039e-05,9.802823866503182e-05,0.001317489269695359,5.859027433161699e-05
mmlupro:test_1000:131,1.2837807745996331e-09,4.119632232366443e-05,5.7678638696400964e-06,1.2924787875556783e-05,6.903567994743289e-06,0.008467924912954818,8.349419012648623e-06,0.4864212933309198,9.457896645194561e-06,4.261692044569991e-06,0.5047479366407996,3.726702689895608e-05,0.00011569785372652852,8.397040929168661e-05,2.7182275334555656e-05,9.864716526990845e-06
mmlupro:test_1000:133,1.032082245969315e-08,5.159260458141152e-07,3.4542348027777773e-07,1.2836912513973704e-07,4.085121917233246e-05,1.2797686515287697e-07,1.2170284938387713e-06,6.128149848767796e-07,2.002692441076336e-07,3.618005392798929e-07,0.999953527692975,3.3507448088509986e-09,2.317567745158704e-07,2.6250473884539644e-07,1.134271424483993e-06,4.6927456910879055e-07
mmlupro:test_1000:137,0.0015226392496731627,0.0004837097408173996,0.001336676126786189,0.0002647429076309211,0.00663902257191135,0.34825295913513843,0.0029705937216941585,0.002342754757897215,0.00015408850119684843,0.27725557849173554,0.3336334078995778,0.009374141382739445,0.0007118727092441685,0.007672878462858424,0.00612047318229759,0.0012644611588012542
mmlupro:test_1000:139,3.2728219784139105e-09,4.0293476422739647e-07,7.681617899902114e-08,5.622192645003794e-07,2.212480305329552e-07,2.4493834529151267e-06,1.6464419863613175e-07,1.1556190744666263e-07,4.295302398442383e-06,2.400199172642613e-08,0.999987881238949,4.835861572650846e-07,1.3816631254654268e-06,1.5764905607885556e-06,2.6882716307767005e-07,9.280903511218314e-08
mmlupro:test_1000:143,1.2868356650827488e-06,0.00018174318914426687,2.2610933453318563e-05,0.00019833631499353754,6.65240097152142e-05,3.800738582388943e-05,7.202686130005659e-05,0.03620385596789111,1.6104746702201305e-05,0.0009688394422409944,0.9315688365837945,0.029776294553101337,0.0002779968350832947,6.840590903778868e-05,0.0004748750083952248,6.425542365811866e-05
mmlupro:test_1000:162,0.0017806879857852947,0.0007817235286530466,0.00020903589804092246,0.0011681955908655877,0.0004052273434866989,0.9678750467676365,0.0005997408227247667,0.00032131803569966844,0.00014711333219163513,0.00017304447420549008,0.01990450142641436,0.003997197140133103,0.0012030025853456427,0.0008127884856158193,0.00031903644549698476,0.00030234013770455285
mmlupro:test_1000:166,2.390484693923343e-08,0.00013530334321282397,3.503861479552075e-05,0.0005573827689145777,0.0009815919755291678,0.004043126126940378,0.00038404072937563166,0.00010192456789130417,0.004436594878528121,0.0005648009393885609,0.985203227040334,0.0022133131907911352,0.00010347277474116008,0.00025053188356517265,0.0001526909555806322,0.000836936305564781
mmlupro:test_1000:173,2.775083414165452e-06,2.1179883025969658e-05,1.6727044880586932e-07,0.0003188992161803509,0.00012612216848537547,7.967718406786387e-05,1.6855296318020265e-05,1.2914449355916631e-05,2.4973372754192923e-06,0.8953027305544813,0.10407627444700589,5.398329234869156e-06,1.3536236740035657e-05,1.3526462147976296e-05,1.3047310358467194e-07,7.315608714288782e-06
mmlupro:test_1000:198,0.0010719859793649218,0.002125632387787263,0.00019735233254848214,0.0006314237835877805,0.9878356577355257,0.0008986864825852027,0.00033417035156631047,0.0001681813610673519,0.00017084560403779345,0.00013518994224076745,4.435906279758524e-05,0.0001115473501482041,0.0001277117101614498,0.005669731981534479,0.00018211408176811302,0.0002954098532783668
mmlupro:test_1000:200,0.8143462494295088,0.0004745457092184772,0.00902413857713211,0.0003795364488694996,0.0012072928847700335,0.10076926984579353,0.0004375996010486792,0.0009349474741923387,0.000129019582628536,1.2962247910974507e-05,0.049400337253251644,0.00023156732107195872,0.0004133611773803435,0.0005387083856871177,0.02140426566843461,0.00029619839310133573
mmlupro:test_1000:203,6.286413096159017e-07,0.00021318120428614543,2.876407857211393e-06,0.02335963649940155,2.335636568796042e-05,7.225482630481266e-05,0.00028249135258824853,2.593597630015199e-05,1.0655409762538532e-05,0.07615311786876862,0.8988165849617529,0.0002846274364441363,7.74261403569353e-05,0.00018048484618707995,0.00042980956517008913,6.693249782218051e-05
mmlupro:test_1000:208,0.0001140785552926371,0.0002757458938329747,3.283047371510211e-05,0.00024687500826750416,0.03302412041219325,0.0007918404341039886,0.0001538501826840506,0.00011174716015131315,6.981160601595712e-05,1.9220364154323746e-05,0.9612843525642476,0.0008280155830056882,0.0005758072495265959,0.0017384152233503305,0.0002622368328043371,0.000471052456654392
mmlupro:test_1000:210,0.0012843837075450836,0.00032261854121370275,9.351306133082503e-06,0.00017018711947257008,0.0007392101008881827,0.00022190509088072699,0.000663428191927024,0.0001837581286789377,0.0005989218643124666,3.5486868611094745e-05,0.47819442378442145,0.5112318439561027,0.002042016691193574,0.002502732718111568,0.0014811300455929745,0.0003186018849150144
mmlupro:test_1000:214,0.0013849558269132475,0.001660856457933507,0.0009780110454741591,0.0021064420020920644,0.1579188213225064,0.021913558460935015,0.0015946778753456556,0.002047478973734094,0.0038221317033961546,0.13016146518755223,0.5449767340071052,0.016172539938581847,0.002089449458838631,0.0952910523344102,0.013531591977855218,0.004350233427326442
mmlupro:test_1000:220,0.37628137134462997,0.0019433988699303058,0.0002157013208522036,0.0003207993631127285,0.005012639192425279,0.4862395056028934,0.0007662354629159036,0.00026951299539611933,6.668292806619316e-05,0.11530713778018684,0.00073600693662757,0.0006734974945144602,0.004195278278953263,0.004279534034867892,0.0015800397754263402,0.002112658619201362
mmlupro:test_1000:222,1.4824050889398133e-05,1.3786913846149721e-05,1.3690533221191942e-05,1.304134050040651e-05,0.00016273088994323711,2.44317512663715e-05,5.105847723844987e-06,5.757250907310737e-06,1.7968729083137513e-07,0.00014757707571253555,3.6392300167443394e-08,0.9987166933887373,1.2385432412661627e-05,0.00011127948337950776,0.0007495022704965995,8.97769137245057e-06
mmlupro:test_1000:225,8.35300647686815e-06,0.0001292882508693379,2.9209866479483454e-05,3.562093837351703e-05,0.0003272356026408694,1.2108205167453898e-06,5.987256250332633e-05,0.00013358156776716555,5.834820177259975e-06,0.0002949695992775347,0.9982315928406964,0.00040178099286636195,2.047363131251901e-05,8.969914821712877e-05,0.0002015314327974875,2.974491902807541e-05
mmlupro:test_1000:228,3.693501777340362e-07,0.0006293907310303509,2.95435013437015e-05,0.9448534409582544,0.0001363912525572915,0.00031148508221894174,7.429232150910627e-05,0.0017121118720257675,0.004511890164035201,0.02996363966579549,0.011967308833228657,2.286727509236744e-05,0.00037595798924867896,6.76398088486176e-05,0.005227853516638931,0.00011581767799476193
mmlupro:test_1000:250,0.0019946611537228717,0.0009747841801403894,6.592272999404413e-05,0.0018902013147317242,0.015727158017316077,0.0020215997279253587,0.0007492145310121592,0.00023617250470348835,0.0022284378588129906,0.0008912575357844346,0.9322323826866449,0.03414716854136667,0.0009658493779035967,0.002446720958962962,0.0008851522916280073,0.002543316589350462
mmlupro:test_1000:254,0.00492363340468529,0.00030311512703336594,0.0016668888967608514,0.9893565504090159,0.0002187377164827315,0.0003457123940762867,7.134192737584287e-05,0.00010879858805632149,0.0001873700733316229,5.713992156542017e-05,0.0006042051668772258,0.00010225293177638115,0.00013481431202582076,0.001421008172367048,0.0003119893160784642,0.00018644164249160687
mmlupro:test_1000:256,2.953568409557683e-07,1.2821400535244628e-06,2.1545003772433624e-07,8.034964189798823e-06,1.1189956503646025e-05,2.7206376196126905e-07,5.575253831869714e-06,7.394803908854005e-07,1.5881801871119476e-08,6.6693603939537696e-09,1.5708094980605702e-07,0.16296356199226342,6.884222987503555e-07,0.8370026490345259,4.2036784555729496e-06,1.1125747340072228e-06
mmlupro:test_1000:259,6.164291505773684e-07,2.7693447340363036e-05,6.519745811040811e-06,8.096269212236445e-06,0.00011215057710854655,0.9994733532351333,7.634279064766184e-06,2.8889325701451202e-06,1.2748959220807757e-06,1.4464367691333085e-05,0.0002475543965133718,7.737427779659746e-05,3.867236488253048e-06,4.21639434627426e-06,5.48714970300504e-06,6.808366148059684e-06
mmlupro:test_1000:261,0.11442890569707756,0.0005374720179667164,0.0004915451249860791,6.873020808746085e-05,0.00016676817882160488,7.541426208546267e-05,0.000978466227607648,0.14966677817178595,0.00018640838229043333,0.03429968904971039,0.6760196334001316,0.022084745394917144,8.390407049145473e-05,0.00046278078922760464,0.00022262707679340186,0.0002261319480195472
mmlupro:test_1000:262,0.028205619472535925,0.0028605585179761147,0.001293745212196457,0.00659644208428523,0.002832548794189726,0.10118280987843307,0.0005427357352288873,0.0012212590687919243,0.007658118352200267,0.0010551111389091965,0.0068815138847471945,0.8134257250777609,0.008887589033973449,0.005383874690334916,0.007980578792676551,0.00399177026576013
mmlupro:test_1000:264,0.010044597599892131,0.001687452524949191,0.0012993256719780579,0.003429612964590775,0.008051113631399372,0.17418738325621758,0.0011998525982296559,0.00498123447138398,0.00280689690891549,0.0032209825263109465,0.44799055768857726,0.31251296724020317,0.0004258420314592813,0.013425876790213379,0.007386792966478561,0.0073495111292012525
mmlupro:test_1000:272,0.0002104545011162529,0.0010333376138066288,0.0014056537397398173,0.043391987772833734,0.014076842861996142,0.013905101250942662,0.0020302748180029175,0.0014153014788205061,0.0005782759057781498,0.1805274160160198,0.5582074069297608,0.16959304487584762,0.0019415803862279097,0.008545614917381447,0.0014001819192748896,0.0017375250124505072
mmlupro:test_1000:275,0.002209740713570323,0.00047308571097422073,0.0004277288225583324,0.00019359035344141627,0.0016478164501645813,4.9605030438756235e-05,0.0017277602057873722,0.2083319230968121,0.0054615976573080755,0.0005238403084049335,0.7675507050137347,0.006036282196231457,0.0005413094783324428,0.0035468722213270027,2.7694833167680832e-05,0.001250447907746707
mmlupro:test_1000:284,1.072157325872924e-06,1.1712844103225933e-05,9.758900089528247e-08,3.8106175753141534e-06,6.919186760114609e-06,3.1986988015776826e-06,1.4218277046613328e-06,3.0179948821748712e-06,2.5416573384316207e-09,0.000612280057622599,0.9991948870260258,0.00014716396133458522,3.2632362517924174e-06,9.578386046446042e-06,3.715177825787749e-08,1.5367231294134408e-06
mmlupro:test_1000:290,0.0029171659867169132,0.0038776216687720433,3.6415606280049896e-05,0.0020354694095318813,0.0031899020403612084,6.924002991295352e-05,0.002628402902575316,0.03057067202934397,0.012468157433374165,0.7650912877009818,0.15499094133908736,0.013967473051328842,0.0027361648616773763,0.0021150797969851664,9.15151953726463e-06,0.003296854623533504
mmlupro:test_1000:291,0.03641003680323246,8.777106865867916e-05,1.7863977281737403e-05,0.0002882075897185786,0.0002440039748127176,9.844678738563664e-05,8.075329277261085e-05,0.0007003509040033702,8.839075485453527e-06,3.823149482741262e-06,0.9617819254192039,2.0297562917094264e-05,8.803032496860181e-05,2.445008440045088e-05,4.327929570782762e-05,0.00010192068996813258
mmlupro:test_1000:307,8.78971738022922e-05,1.28097956274342e-05,4.484343040781811e-05,5.3529028134810056e-05,3.1052357493101453e-05,4.880675157767068e-06,1.4130273558130851e-05,7.282590111918766e-05,1.1291599495073496e-05,0.0001674407456679901,1.71052597883842e-05,0.9993718287303406,3.480081646952502e-05,1.0890395543724369e-05,3.6010954485905965e-05,2.86628629083348e-05
mmlupro:test_1000:308,0.0007897758596852787,0.0003170526283260873,0.002129361236634614,0.0017194314152802826,0.0006262437807347919,0.0019266993053236997,0.0008412731643648153,0.003137216195924745,0.01808484506325028,0.06384069240969345,0.0030681952238642216,0.9012401307166382,0.00022307832920289447,0.000907330642211944,0.0003803327086251668,0.0007683413202396491
mmlupro:test_1000:309,3.40304963053698e-05,0.00021619009121584423,0.0002865635453486304,0.00033104923104833496,0.0017087968455269304,0.0113605350065261,0.001028021648145885,0.0006563826902090501,0.00016058742664370115,0.00011125135622624048,0.22996242495021443,0.7370863263426645,0.0006951961404304236,0.0010494718193875812,0.013612409831352073,0.0017007625787550567
mmlupro:test_1000:317,2.570676165358453e-07,3.5048895851694524e-05,7.676900810782502e-05,1.2427979144503502e-05,0.0010774661451183087,0.0011350082254188453,3.7295918197619213e-06,4.440681336168986e-06,1.0652089274799844e-06,6.066012576626887e-06,0.9975123381199354,1.207969320615291e-05,1.0911716548971424e-05,6.42244314422964e-05,5.0803584861904825e-06,4.3086864463181235e-05
mmlupro:test_1000:321,4.2831685809946346e-05,0.004559896750833469,0.0003124553401909794,0.001278149523920402,0.0002719902148568509,0.0005547021581181525,0.003203857849089942,0.0009735470163502243,0.002653334769332929,0.004545884832177999,0.0026085375142326514,0.8820295254039134,0.0005566642750274572,0.0004138699889741291,0.09533473028868776,0.0006600223884837581
mmlupro:test_1000:325,0.0005191935528430494,0.0014069329735219595,0.0005197093301035725,0.018643559544176697,0.004120088800515777,4.022042908551696e-05,0.0004796923462102664,0.0005608372547999764,0.0001670507663699919,0.012187985205026883,0.15193399671893532,0.8029404339573792,0.005324854019727585,0.0005025534641456931,3.238820016963605e-05,0.000620503436988748
mmlupro:test_1000:326,4.822046703832842e-07,8.063026064691467e-06,2.4277525477168374e-06,6.128493743690323e-06,5.431292368811005e-07,6.145096093036097e-06,3.6939375626988886e-06,9.56377930110686e-05,5.554061741510928e-06,0.9990596136333975,5.27481684232627e-06,0.0007792053377289463,1.9098880332041517e-06,8.358134834096974e-06,5.667223832679184e-06,1.129547065973083e-05
mmlupro:test_1000:335,6.991335307118348e-07,0.0003632942628816546,7.083465778821724e-05,0.0013083941546391217,0.0002411913200166148,0.2871653577309184,0.0008902631558049169,0.00015303534870146325,0.0033879688366674865,9.28779473204401e-06,0.6482672395903902,0.056648416984249654,0.0009303663147437123,0.00042158646183681223,2.615244696390658e-06,0.00013944900840273468
mmlupro:test_1000:346,0.0003629373567974152,0.0003505959971086407,0.0005407360863114932,0.009850034001774399,0.0009231357703908762,0.0034325764212377037,0.00303689704559596,0.0011513156661986852,5.912160268674801e-05,0.03993913766190598,0.9308023306543045,0.005492540966802638,0.001206367463069327,0.0023579912707587768,0.00028412567105501574,0.00021015636400182824
mmlupro:test_1000:348,3.429571498895163e-09,4.408493280128695e-07,9.509045561405578e-09,3.635459339333277e-08,1.2254552603563554e-07,9.405508270286133e-09,1.6184379873740776e-07,2.796741359780407e-08,2.60236120449849e-09,4.043680896735678e-07,0.9999984168263611,4.143672367118289e-09,1.9775996255252987e-07,8.882154839872488e-08,5.586641913981026e-09,6.798657767972442e-08
mmlupro:test_1000:354,9.912026411033305e-07,6.771688766819362e-05,0.00018110127515588072,6.028188605632407e-06,1.2491617626725e-05,0.0004796899815646018,4.799775708535738e-05,4.406362690643965e-05,0.00014185229378292562,0.00011996313427170532,0.998664828439599,2.671915263596617e-05,3.132415216229062e-05,4.181274356713138e-05,0.00011338592386881675,2.0033622858265554e-05
mmlupro:test_1000:355,2.3673275599819765e-05,0.012631376805616958,0.00046965294858146455,0.007601887061929839,0.3859509916179398,7.59875931616299e-05,0.0005262344786098683,0.008605562311609641,0.027071239813695816,0.005723715317853356,0.00011405128740497076,0.5490808906201796,0.0006002578109285674,0.00022707274616939367,0.0002788598102593723,0.0010185465004600891
mmlupro:test_1000:362,0.0041312396095648995,2.7363272685476205e-05,0.00015869323405549363,1.1378188274526092e-05,3.3269099390955586e-05,1.0558108901990014e-05,0.00012158868720106952,2.3111896973937054e-05,4.769099098421226e-06,2.1462318938541085e-06,0.0038026240982530373,0.00011562933304476282,1.5113998344336317e-05,3.92402711964549e-05,0.9914594619429921,4.3812928128679245e-05
mmlupro:test_1000:367,1.1310192009298565e-05,0.00015445057940488132,6.242917751846775e-05,0.001161053258351916,7.827616037758555e-05,0.00047484625926919814,4.4309540333209916e-05,0.0002622300442749402,2.290937312053649e-05,0.9927832829866337,0.0023991413304011084,4.024919672993066e-05,3.873860517518794e-05,0.0002104568045846831,0.0021879053661521867,6.841112566309258e-05
mmlupro:test_1000:368,0.0002244791819087703,7.343555076048704e-05,0.0010204753743190895,3.238171052893624e-05,0.0016905258604806772,6.059940731281113e-05,0.00014997127947753106,0.00011477541027237464,0.0021228752045783904,1.708813824295031e-06,0.016288742830251956,0.9771264928299892,0.00024321582334440125,0.0003444242664635048,0.00034466091564465206,0.00016123554084285666
mmlupro:test_1000:377,0.9979071040361573,8.682214672159392e-05,5.069977950843448e-05,2.9618356627014773e-06,5.3773952501743435e-05,1.2220641274389961e-06,1.0849818907551491e-05,0.0003326330371640489,9.903030922056917e-06,0.00022149633763776823,1.3668661158774108e-07,0.0009376010546294177,7.627763015629128e-06,0.0002594569064743957,6.0960396105806594e-05,5.6751153852456165e-05
mmlupro:test_1000:380,2.0507582470583493e-06,8.063815362500032e-07,1.6574447644985185e-07,1.200926698462556e-07,3.2087337670925435e-06,5.678007411703739e-09,2.386861508015757e-07,2.097342888381371e-07,3.924639356070755e-08,2.5019108587745526e-07,0.9999896537640247,6.225710701007217e-08,9.884059903683116e-07,1.2026756751931907e-06,7.669322153467114e-07,2.3071836414337826e-07
mmlupro:test_1000:386,5.992939417179485e-06,0.0001478294692032516,7.790139080532893e-06,1.1329490692555935e-05,2.3754965039839076e-05,1.342935555346542e-06,0.00026993816980827785,2.2198642554565724e-05,5.166120007069373e-06,0.0005028000090382857,0.9980440339734382,2.9725284679733428e-05,0.0008025049885226914,5.5147397606258606e-05,5.96951884173779e-05,1.0750286938786757e-05
mmlupro:test_1000:393,0.00499817853981169,0.000903048629109229,0.0014198481501175174,0.0044010169276266125,0.004481178447338865,0.00031045381904283245,0.0004392196922413623,0.00395570161922113,0.00011266765488365803,0.3638962822150439,0.6030249676054202,0.0075514334877087785,0.0004887242312590327,0.0018225313860457696,0.001676707920843076,0.0005180396742863504
mmlupro:test_1000:401,4.6954214563074997e-07,5.1055990563656945e-06,3.6478140684526098e-06,7.434127555941489e-06,6.616331192357444e-07,2.936763540313495e-09,1.869736544407369e-06,4.669679964515719e-06,0.00010009843708415407,1.6173250503501633e-07,0.9979662050527371,3.912217482394962e-05,4.712975615557707e-06,1.8069873447488793e-06,0.0018604905349665184,3.541035704804851e-06
mmlupro:test_1000:405,0.007059334862981586,0.00015842479362449829,0.0001039280378610693,0.00019238659914529494,3.8601805788337034e-05,0.7821830425826916,0.00012059760781935753,8.424624852129242e-05,9.087624404303489e-05,0.00018349241395001332,6.987208285682838e-05,0.20804808646352174,0.0005854564111911371,9.453076618359597e-05,0.000882268520626329,0.00010485455919439021
mmlupro:test_1000:428,0.0008308027534604867,0.00010056913567140462,2.5350215131498905e-05,6.804925655297807e-05,0.0007084717066366184,0.0010378748036403056,5.0585045847230476e-05,2.3227302030559034e-05,4.1403982548285534e-05,6.766654707834194e-05,0.0014271881831585441,0.9944351687723406,0.0010271674141302492,4.9363676161961e-05,2.0087701739313193e-05,8.702350387172131e-05
mmlupro:test_1000:431,0.037605788804813765,0.005247328520856217,0.01247784332367033,0.08004490325767412,0.04376780564663701,0.05326000002889958,0.006994734705881614,0.011849688087949369,0.0020061333339828277,0.0069587938139314565,0.2570221382667489,0.45828633586324163,0.004451722135492179,0.0074585134332194524,0.007969808780809506,0.004598461996191927
mmlupro:test_1000:432,0.0001266367711465518,4.914333809970554e-06,4.238881385983474e-06,2.698183155649573e-06,7.746952911389647e-05,4.513423100812614e-06,6.458704339818393e-06,9.415013661414531e-06,5.47615288419142e-05,2.732989770947748e-06,2.1566470201314169e-07,0.999657495755337,3.070577766326997e-05,1.8799475331054695e-06,1.2435450197433019e-05,3.4280462402370045e-06
mmlupro:test_1000:438,0.00442871829171938,0.001985792258991328,0.0002361340736745458,0.0008192245386293572,8.247419248582507e-06,3.316155954806516e-05,0.0002466550840461192,7.669573480988884e-05,0.0050357104709179935,5.91702009674632e-05,0.0012385522921019246,0.9821206937770249,0.00040801547574020755,0.00020383812055298697,9.641231061091126e-05,0.003002978391416208
